v2.0 raw
4*1 0 4*1 0 0 1 1 0
0 1 0 5*1 0 0 1 1
0 1 0 0 1 0 0 1
0 1 0 1 1 0 1 1
0 1 0 1 1 4*0 1 0
1 0 1 0 0 1 1 0
4*1 0 1 0 1 0 0 1
1 0 1 0 1 0 4*1 0
1 1 1 0 0 1 0 0
4*1 0 0 1 0 0 1 8*0
1 1 0 1 0 1 1 5*0
1 4*0 1 0 1 0 1 1
4*0 1 0 1 0 0 0 1
0 0 0 1 0 1 4*0 1
1 0 1 0 0 1 0 0
0 1 0 0 0 1 0 0
1 0 1 1 5*0 1 0 0
1 0 1 0 1 0 1 1
0 1 0 1 1 0 4*1 0
0 1 1 0 0 1 0 1
0 0 0 1 0 0 0 1
0 1 0 0 1 1 0 0
1 0 4*1 0 0 0 4*1 0
1 0 1 1 1 0 1 1
0 0 1 1 1 0 0 1
1 0 0 1 0 0 1 0
0 0 1 0 0 1 0 0
0 1 0 1 0 1 1 0
0 1 12*0 1 0 1 1 0
0 1 1 1 0 1 1 1
0 1 0 1 1 0 0 1
0 1 0 1 1 0 0 4*1
0 1 1 0 1 0 0 1
0 0 1 4*0 4*1 0 1 0
1 1 1 0 1 0 0 0
1 1 0 1 0 1 4*0 1
0 1 0 1 1 1 0 0
1 0 1 0 0 1 1 0
0 1 0 1 1 5*0 4*1 0
0 0 4*1 0 0 0 1 1
1 0 1 1 1 0 4*1 5*0
5*1 0 1 1 0 1 1 0
0 0 1 1 0 0 1 1
0 4*1 0 0 4*1 0 4*1 4*0
1 0 1 4*0 6*1 0 1 0
0 1 0 0 1 1 4*0 6*1
0 0 0 1 0 0 1 4*0
1
