v2.0 raw
0 1 0 6*1 0 1 1 5*0
1 0 0 0 4*1 0 0 1
0 0 1 0 1 0 1 0
1 1 1 0 1 0 0 1
0 0 1 1 0 0 1 1
0 0 0 1 1 1 0 1
7*0 4*1 0 0 5*1 0 0 1
1 0 0 1 0 0 1 0
0 1 0 0 1 0 0 10*1
0 1 1 0 1 0 1 0
0 1 1 1 0 0 0 1
1 1 0 4*1 0 1 1 1
0 0 1 0 0 6*1 0 0
0 1 0 1 0 1 4*0 1
0 1 0 1 1 0 1 1
1 0 0 1 0 0 1 1
0 1 1 0 1 4*0 1 0
0 1 0 0 1 0 0 1
1 1 0 0 1 4*0 1 1
1 0 1 1 0 1 1 1
0 5*1 0 4*1 0 1 0 1
0 0 1 0 0 1 0 1
0 1 0 5*1 0 0 1 0
0 0 10*1 0 0 1 0 1
1 5*0 1 1 0 1 1 1
0 0 0 1 7*0 1 1 0
0 1 0 1 6*0 1 0 1
1 0 1 0 1 1 0 1
0 0 0 1 0 0 0 1
0 0 1 0 8*1 0 0 4*1
0 0 0 1 1 1 0 0
1 0 1 1 0 0 0 1
4*0 1 0 1 0 0 1 0
1 1 1 0 1 0 0 1
0 1 0 1 0 4*1 0 0
1 4*0 4*1 0 1 0 0 0
1 0 1 0 1 0 0 1
0 0 1 0 1 0 0 0
1 1 1 0 0 1 0 6*1
0 0 1 1 1 0 0 1
1 6*0 1 1 0 0 1 1
0 0 0 1 0 0 1 1
0 1 1 1 4*0 1 0 0
1 0 0 1 0 1 0 0
0 1 1 1 0 1 0 0
6*1 0 1 1 0 1 0 1
5*0 1
